tree
version=v4
num_class=1
num_tree_per_iteration=1
label_index=0
max_feature_idx=2
objective=binary sigmoid:1
feature_names=odds_5m inc_share_10m_5m pool_5m
feature_infos=[1.1000000000000001:629.70000000000005] [0:0.92243141551621521] [66960000:60243738000]
tree_sizes=1696 1723 1724 1730 1734 1714 1716 1723 1738 1747 1732 1730 1742 1747 1743 1746 1750

Tree=0
num_leaves=15
num_cat=0
split_feature=0 0 0 0 0 1 0 0 1 0 2 0 1 0
split_gain=462356 59327 39804.9 7868.9 5610.86 4720.27 4436.13 1193.19 1085.66 779.449 690.392 575.1 565.404 411.327
threshold=11.050000000000002 29.850000000000005 4.5500000000000007 70.15000000000002 6.7500000000000009 0.039428737844790646 2.6500000000000008 24.250000000000004 0.015241850484131365 8.3500000000000032 111862500.00000001 1.6500000000000001 0.0041871099892501111 3.7500000000000004
decision_type=2 2 2 2 2 2 2 2 2 2 2 2 2 2
left_child=2 5 6 8 -4 7 11 -2 -3 -6 -7 -1 -5 -8
right_child=1 3 4 12 9 10 13 -9 -10 -11 -12 -13 -14 -15
leaf_value=-2.1600478770084646 -2.4202292896807474 -2.5108139180801023 -2.2697310303227991 -2.5667267901859399 -2.306600201185887 -2.4595175842196522 -2.2138713626650852 -2.4589321034967737 -2.4791316399066812 -2.3339264413636158 -2.3805973353029581 -2.1876195633625701 -2.545043452846746 -2.2337924949513308
leaf_weight=1257.5152557939291 1990.3335079699755 2487.9927832335234 3980.2959510982037 2266.3948284685612 2005.075223043561 106.37983623147011 2892.8501284271479 1139.3116846382618 1603.5069385617971 2021.2843581736088 3274.5997390300035 2688.1191238164902 2070.738241687417 2036.4140129089355
leaf_count=842 6695 10698 7198 11086 4386 397 3561 4282 6378 5003 9687 2573 9653 2925
internal_value=-2.35411 -2.47568 -2.24654 -2.52822 -2.29511 -2.40766 -2.20275 -2.43429 -2.49838 -2.32026 -2.38305 -2.17874 -2.55638 -2.22204
internal_weight=31820.8 14939.3 16881.6 8428.63 8006.66 6510.62 8874.9 3129.65 4091.5 4026.36 3380.98 3945.63 4337.13 4929.26
internal_count=85364 58876 26488 37815 16587 21061 9901 10977 17076 9389 10084 3415 20739 6486
is_linear=0
shrinkage=1


Tree=1
num_leaves=15
num_cat=0
split_feature=0 0 1 0 0 0 0 0 0 1 0 1 0 2
split_gain=275444 29893.9 26598.4 4234.38 3595.89 3360 3162.72 835.553 574.982 552.169 417.608 413.418 387.748 286.713
threshold=14.850000000000003 6.0500000000000007 0.015241850484131365 3.3500000000000001 8.3500000000000032 82.850000000000009 24.250000000000004 11.050000000000002 4.5500000000000007 0.02706326890361261 2.0500000000000003 0.0041871099892501111 56.850000000000001 368746500.00000006
decision_type=2 2 2 2 2 2 2 2 2 2 2 2 2 2
left_child=1 3 5 10 13 12 -4 -6 -5 -8 -1 -7 -2 -3
right_child=2 4 6 8 7 11 9 -9 -10 -11 -12 -13 -14 -15
leaf_value=0.26613072850782071 0.037257194818592215 0.19755374597203468 0.10890941767666414 0.23340572081917879 0.16622824437917103 -0.022829486038138249 0.060174916232755726 0.14056022119017683 0.21611374671861006 0.092976038727907884 0.2507361669212172 -0.0020641429235231847 0.016669186477174358 0.1767836784162905
leaf_weight=3107.1465146094561 1695.2388327270746 2961.8215270638466 3569.8294669389725 3994.2350957691669 2375.1960563659668 2182.5621287226677 2334.6477781236172 2331.8405459374189 3622.8565925359726 581.19129776954651 4658.22763428092 1427.0268110483885 1605.4497919231653 888.82406041026115
leaf_count=1767 6974 4903 10598 4287 5037 10904 8718 5991 5029 1940 3795 6683 7072 1668
internal_value=0.155271 0.216222 0.0463354 0.241239 0.171232 0.00537933 0.0899652 0.153545 0.225211 0.0667425 0.256929 -0.0146229 0.0272513 0.192807
internal_weight=37336.1 23940.1 13395.9 15382.5 8557.68 6910.28 6485.67 4707.04 7617.09 2915.84 7765.37 3609.59 3300.69 3850.65
internal_count=85366 32477 52889 14878 17599 31633 21256 11028 9316 10658 5562 17587 14046 6571
is_linear=0
shrinkage=0.03


Tree=2
num_leaves=15
num_cat=0
split_feature=0 0 1 0 0 0 0 2 0 2 0 0 0 1
split_gain=183155 24633.4 13875.2 3189.59 3025.7 2229.69 1764.96 778.405 647.42 391.695 339.497 337.37 276.263 224.087
threshold=19.250000000000004 6.9500000000000011 0.011238655914622919 4.1500000000000012 11.050000000000002 28.250000000000004 98.350000000000009 172442000.00000003 2.8500000000000001 118205500.00000001 24.250000000000004 5.4500000000000011 70.15000000000002 0.0040830315286296765
decision_type=2 2 2 2 2 2 2 2 2 2 2 2 2 2
left_child=1 3 6 8 -3 10 12 -7 -1 -6 -4 -5 -2 -8
right_child=2 4 5 11 9 7 13 -9 -10 -11 -12 -13 -14 -15
leaf_value=0.20553858092495481 0.024685450441515388 0.14898566262999469 0.0916715280548938 0.18108342898323582 0.075033886636130309 0.018693029812635216 -0.02318981569658219 0.054611349332468459 0.19139920857200224 0.11778484187991629 0.069514505665300139 0.1679935178561702 0.0057047231179931093 -0.0050880841016154492
leaf_weight=7385.4604658633471 1464.3559031188488 5192.5877398848534 1766.6082222908735 4293.7048380374908 208.21567757427692 685.38199359178543 2028.6498194038868 2638.9349731951952 5381.9885617345572 4667.9957768172026 994.0456483066082 3574.3737239390612 1306.0154006779194 884.33383418619633
leaf_count=4042 6070 8805 4932 4595 613 2749 10356 9656 4444 11138 3272 4646 5982 4184
internal_value=0.132942 0.171509 0.0323101 0.190286 0.133012 0.0637878 -0.0013973 0.0472138 0.199594 0.115975 0.0837214 0.175159 0.0157428 -0.0176981
internal_weight=42472.7 30704.3 11768.3 20635.5 10068.8 6084.97 5683.35 3324.32 12767.4 4876.21 2760.65 7868.08 2770.37 2912.98
internal_count=85484 38283 47201 17727 20556 20609 26592 12405 8486 11751 8204 9241 12052 14540
is_linear=0
shrinkage=0.03


Tree=3
num_leaves=15
num_cat=0
split_feature=0 0 0 0 0 1 0 1 2 1 1 0 1 1
split_gain=133874 15087.1 15012.2 2659.96 2394.81 1407.63 880.304 531.66 405.051 397.242 374.419 373.912 245.739 214.381
threshold=17.150000000000002 6.0500000000000007 39.750000000000007 104.75000000000001 11.050000000000002 0.29703746931861064 24.250000000000004 0.010798997395707314 131890000.00000001 0.081257457661347815 0.02706326890361261 5.1500000000000012 0.025103891428393633 0.0040830315286296765
decision_type=2 2 2 2 2 2 2 2 2 2 2 2 2 2
left_child=1 5 6 7 9 11 12 -4 -6 -3 -8 -1 -2 -5
right_child=2 4 3 13 8 -7 10 -9 -10 -11 -12 -13 -14 -15
leaf_value=0.15888849797599577 0.10421459272736192 0.11797039607863233 0.011296129865944778 -0.023922081442394393 0.069983724278673762 0.17203197654480201 0.052890817191685369 0.032835444426136139 0.10511181734529709 0.1341511699934817 0.07849592075964569 0.14587927769754444 0.077762247067649448 -0.0045866826221984307
leaf_weight=10352.975143641233 372.07447415590286 1861.4162338078022 2814.8922270387411 1943.598233550787 328.73121806979179 8575.0059508830309 2494.2776182740927 1628.4187447428703 3880.687924221158 6166.8424933999777 654.53951907157898 2684.8207833170891 2550.5915995687246 703.28607942163944
leaf_count=8106 886 3081 12303 10140 869 4040 8514 6198 8283 8476 1912 2868 6624 3339
internal_value=0.115857 0.147423 0.0346657 0.00501498 0.120783 0.162502 0.069285 0.0191956 0.102386 0.130415 0.0582365 0.156221 0.0811643 -0.0187883
internal_weight=47012.2 33850.5 13161.7 7090.2 12237.7 21612.8 6071.48 4443.31 4209.42 8028.26 3148.82 13037.8 2922.67 2646.88
internal_count=85639 35723 49916 31980 20709 15014 17936 18501 9152 11557 10426 10974 7510 13479
is_linear=0
shrinkage=0.03


Tree=4
num_leaves=15
num_cat=0
split_feature=0 0 0 0 0 1 1 0 0 1 0 0 1 2
split_gain=100813 17461.6 6878.72 2303.34 1422.38 1209.89 778.585 359.565 347.611 268.877 215.439 199.382 158.159 96.5433
threshold=24.250000000000004 7.7500000000000009 70.15000000000002 4.2500000000000009 11.050000000000002 0.015241850484131365 0.0041871099892501111 2.2500000000000004 14.850000000000003 0.02706326890361261 5.0500000000000007 74.350000000000009 0.0070328292947479942 146127000.00000003
decision_type=2 2 2 2 2 2 2 2 2 2 2 2 2 2
left_child=1 3 5 7 13 12 -4 -1 -6 -7 -5 -8 -2 -3
right_child=2 4 6 10 8 9 11 -9 -10 -11 -12 -13 -14 -15
leaf_value=0.15074210252492251 0.047587610512902737 0.096626768394224891 -0.022289418335537148 0.13355673193293283 0.094978608905097753 0.048122485540267358 -0.022556000671731326 0.14138797206325437 0.081825280565050076 0.069098055139989054 0.12430663734031062 0.0067326076862672755 0.023473303223152119 0.11019889545124205
leaf_weight=6116.4143441915512 271.36180980503559 620.10948184132576 2094.8892253637314 3587.0302380919456 3072.6401963829994 2664.2337122261524 234.26409827172756 11050.75226777792 4659.1494532227516 702.00007340312004 7776.0553640425205 1887.2953321635723 2533.3976445943117 3880.0543913245201
leaf_count=2271 1026 967 11069 2922 5960 8696 1108 6561 10623 1945 8293 8584 9853 5557
internal_value=0.103647 0.124908 0.0202124 0.137768 0.0949036 0.0403898 -0.00932071 0.144729 0.0870641 0.052516 0.127238 0.00348944 0.0258225 0.108351
internal_weight=51149.6 40762.2 10387.4 28530.3 12232 6170.99 4216.45 17167.2 7731.79 3366.23 11363.1 2121.56 2804.76 4500.16
internal_count=85435 43154 42281 20047 23107 21520 20761 8832 16583 10641 11215 9692 10879 6524
is_linear=0
shrinkage=0.03


Tree=5
num_leaves=15
num_cat=0
split_feature=0 0 0 0 0 1 0 2 0 0 2 0 2 0
split_gain=80220.8 9985.8 9241.56 1674.49 1167.54 1080.25 724.485 518.703 301.877 256.158 246.275 182.973 158.683 130.783
threshold=19.850000000000005 7.7500000000000009 56.850000000000001 4.1500000000000012 37.45000000000001 0.0041871099892501111 14.850000000000003 278817000.00000006 2.6500000000000008 70.15000000000002 141256000.00000003 15.65 825728500.00000012 5.1500000000000012
decision_type=2 2 2 2 2 2 2 2 2 2 2 2 2 2
left_child=1 3 4 8 7 -4 10 -2 -1 -7 -3 -8 -6 -5
right_child=2 6 5 13 12 9 11 -9 -10 -11 -12 -13 -14 -15
leaf_value=0.13175974396273013 0.048227700982709822 0.078881349788184521 -0.020961666689686336 0.11780258126789528 0.028822409241298707 0.019409579670906216 0.060167301279538239 0.068071408559116905 0.12377747582895431 0.0010683300241012038 0.095590272006759708 0.079923294643822043 0.059758619750787188 0.11126174219517165
leaf_weight=9376.1680450737476 2767.5283491313457 928.85392224788666 2059.5396630987525 4900.4691248238087 2176.2051209062338 1013.0111372768879 526.65729242563248 2097.5991443395615 8728.3081165850163 2114.6018394529819 7343.6716025918722 2540.1590657830238 160.3591797798872 8098.4952400326729
leaf_count=3412 7848 1603 11062 3664 7858 3992 1156 5463 4984 9682 10940 5205 523 7900
internal_value=0.093601 0.113205 0.0264344 0.121995 0.0484221 -0.004096 0.0890866 0.0567955 0.127918 0.00701323 0.0937239 0.0765514 0.0309702 0.113736
internal_weight=54831.6 42442.8 12388.8 31103.4 7201.69 5187.15 11339.3 4865.13 18104.5 3127.61 8272.53 3066.82 2336.56 12999
internal_count=85292 38864 46428 19960 21692 24736 18904 13311 8396 13674 12543 6361 8381 11564
is_linear=0
shrinkage=0.03


Tree=6
num_leaves=15
num_cat=0
split_feature=0 1 0 1 0 0 2 1 1 2 0 0 0 1
split_gain=65141.5 7889.67 7782.47 1423.47 1024.57 1005.4 557.248 555.525 263.128 241.761 187.201 172.277 159.75 147.234
threshold=19.850000000000005 0.11057798663047309 70.15000000000002 0.015241850484131365 3.6500000000000008 11.850000000000003 427588500.00000006 0.0041871099892501111 0.061611105747204083 188201500.00000003 1.6500000000000001 5.4500000000000011 11.65 0.0020715832308151301
decision_type=2 2 2 2 2 2 2 2 2 2 2 2 2 2
left_child=1 5 3 9 10 12 -5 13 -7 -2 -3 -6 -1 -4
right_child=2 4 7 6 11 8 -8 -9 -10 -11 -12 -13 -14 -15
leaf_value=0.08962007368612912 0.01214936192603417 0.12227694196803585 -0.032004372815165001 0.045557888592308762 0.10734510272828308 0.076682381726862384 0.068309459004515807 0.002392525330194655 0.059025368753871328 0.030692199144926918 0.11392688199329212 0.10063930586010565 0.11532848429159316 -0.014289493720631184
leaf_weight=7441.7432868480682 918.69085951149464 3244.3227252364159 602.18360281735659 4324.2480773329735 9665.0523906052113 5185.8472719192505 1255.8123987913132 2121.865489795804 913.13799105584621 2046.439363181591 13278.551739066839 5973.2015276551247 236.23526732623577 1420.3648861050606
leaf_count=9038 3526 848 3398 11814 6399 9392 3066 9677 1731 7395 5846 5466 306 7651
internal_value=0.0855728 0.102193 0.025403 0.0417631 0.110334 0.0831818 0.0506895 -0.00833116 0.0740489 0.0249531 0.115574 0.10479 0.090426 -0.019577
internal_weight=58627.7 45938.1 12689.6 8545.19 32161.1 13777 5580.06 4144.41 6098.99 2965.13 16522.9 15638.3 7677.98 2022.55
internal_count=85553 39026 46527 25801 18559 20467 14880 20726 11123 10921 6694 11865 9344 11049
is_linear=0
shrinkage=0.03


Tree=7
num_leaves=15
num_cat=0
split_feature=0 0 0 0 0 1 0 1 0 0 0 0 0 2
split_gain=55512.1 8800.62 5001.19 1319.62 959.149 816.141 672.411 349.982 217.931 192.466 187.253 177.098 153.462 153.352
threshold=24.250000000000004 8.1500000000000004 64.950000000000017 4.1500000000000012 14.850000000000003 0.015241850484131365 104.75000000000001 0.03013549383282136 2.6500000000000008 15.65 103.35000000000001 11.050000000000002 216.15000000000001 607783500.00000012
decision_type=2 2 2 2 2 2 2 2 2 2 2 2 2 2
left_child=1 3 5 8 11 13 10 -7 -1 -6 -4 -3 -8 -2
right_child=2 4 6 -5 9 7 12 -9 -10 -11 -12 -13 -14 -15
leaf_value=0.10728422073959533 0.023154554042051936 0.081486009634785778 0.0038590211659720705 0.09268973146448678 0.044407611777474432 0.039381938436830771 -0.013920966061789903 0.067921153036657009 0.10097391169557042 0.063234557346365697 0.055328100140863909 0.07261310239264028 -0.031945393424168834 -0.0026336125119248372
leaf_weight=10661.974077910185 2394.4750283062458 4673.9976253509521 1905.0921142324805 15917.964640825987 555.22775742411613 3358.4784788042307 1954.168714299798 438.89614945650101 10142.335439383984 4877.4494027048349 64.827130354940891 3814.3608238250017 543.8575828820467 227.01002809405327
leaf_count=3417 8631 5539 8423 12607 1136 9587 10305 992 5047 9474 270 6007 3144 864
internal_value=0.0783068 0.0915184 0.0168465 0.0992206 0.071195 0.0338086 -0.00752432 0.0426975 0.104213 0.0613189 0.00558001 0.0775079 -0.0178564 0.0209213
internal_weight=61530.1 50643.3 10886.8 36722.3 13921 6418.86 4467.95 3797.37 20804.3 5432.68 1969.92 8488.36 2498.03 2621.49
internal_count=85443 43227 42216 21071 22156 20074 22142 10579 8464 10610 8693 11546 13449 9495
is_linear=0
shrinkage=0.03


Tree=8
num_leaves=15
num_cat=0
split_feature=0 0 0 0 0 0 0 1 1 0 0 0 0 2
split_gain=45924.4 8024.01 4550.49 1162.38 861.197 729.661 539.871 268.067 218.665 185.492 178.295 163.549 156.414 119.637
threshold=24.250000000000004 6.7500000000000009 70.15000000000002 11.050000000000002 39.750000000000007 2.8500000000000001 104.75000000000001 0.02706326890361261 0.0064568674372066535 14.850000000000003 103.35000000000001 216.15000000000001 4.5500000000000007 803760500.00000012
decision_type=2 2 2 2 2 2 2 2 2 2 2 2 2 2
left_child=1 5 4 13 7 -1 10 -2 -6 -5 -4 -8 -7 -3
right_child=2 3 6 9 8 12 11 -9 -10 -11 -12 -13 -14 -15
leaf_value=0.098206626974384162 0.036873159131567315 0.074764566673096861 0.0030208034024788977 0.065840102210180371 0.051084064299367078 0.091551119368240258 -0.013091138235786235 0.056067528547231647 0.018004065378062876 0.057298337866354139 0.052743012263107576 -0.031881676481045611 0.086307071405597041 0.087585173687396115
leaf_weight=12832.240331381559 2953.867616429925 8235.4286638796329 1565.0332203954458 3975.4336133003235 190.75846062600613 11682.055595457554 1932.0845210701227 847.89038433134556 2990.6725371629 5677.880991384387 66.723324373364449 531.85630518943071 10067.188129544258 752.17099359631538
leaf_count=4051 8369 8716 7081 5998 641 5872 10296 1915 10589 10589 264 3163 7228 704
internal_value=0.0723775 0.0839447 0.0168067 0.0680702 0.0315296 0.0924995 -0.00829742 0.0411676 0.020003 0.0608225 0.00508503 -0.0171585 0.0891279 0.0758471
internal_weight=64301.3 53222.4 11078.9 18640.9 6983.19 34581.5 4095.7 3801.76 3181.43 9653.31 1631.76 2463.94 21749.2 8987.6
internal_count=85476 43158 42318 26007 21514 17151 20804 10284 11230 16587 7345 13459 13100 9420
is_linear=0
shrinkage=0.03


Tree=9
num_leaves=15
num_cat=0
split_feature=0 0 0 0 1 0 1 2 1 0 0 1 0 1
split_gain=40874.8 6533.47 4106.5 1225.43 752.445 636.978 478.589 237.692 236.702 214.355 202.795 181.671 133.627 129.388
threshold=24.250000000000004 8.1500000000000004 70.15000000000002 4.2500000000000009 0.039428737844790646 39.750000000000007 0.0041871099892501111 184606000.00000003 0.025103891428393633 2.0500000000000003 11.850000000000003 0.0064568674372066535 98.350000000000009 0.0048225934215694235
decision_type=2 2 2 2 2 2 2 2 2 2 2 2 2 2
left_child=1 3 5 9 8 7 12 -2 -3 -1 -6 -7 -4 -8
right_child=2 4 6 -5 10 11 13 -9 -10 -11 -12 -13 -14 -15
leaf_value=0.093099275909366744 0.024336965826450348 0.066967052673441607 0.013634441314301545 0.077947338937087107 0.068626375681655402 0.046197237676900552 0.015207151934156383 0.041191706027928807 0.045586357707489054 0.086691757008023049 0.060631562739969454 0.016859958541472618 -0.021896758778444363 -0.0031576037657630005
leaf_weight=6914.0600802600384 1027.4439322650433 558.29479043185711 99.849104925990105 16848.851949334145 6052.310054063797 202.2281987965107 433.96734040975571 2878.475584462285 2992.9325154423714 16696.652343690395 5644.4769496172667 3009.9836502671242 1828.1593339294195 1673.4696201980114
leaf_count=1778 2926 948 479 12257 6752 655 1953 7394 5706 7015 8671 10510 10579 7684
internal_value=0.0673449 0.0778405 0.0149215 0.0841495 0.0610956 0.0286262 -0.00925327 0.0367655 0.0489656 0.088572 0.0647739 0.0187207 -0.0200505 0.00062952
internal_weight=66861.2 55707.6 11153.6 40459.6 15248 7118.13 4035.45 3905.92 3551.23 23610.7 11696.8 3212.21 1928.01 2107.44
internal_count=85307 43127 42180 21050 22077 21485 20695 10320 6654 8793 15423 11165 11058 9637
is_linear=0
shrinkage=0.03


Tree=10
num_leaves=15
num_cat=0
split_feature=0 0 0 0 1 0 0 0 1 2 0 2 0 2
split_gain=35223.6 6328 3941.47 1134.37 655.328 520.315 445.004 300.637 270.314 175.134 151.82 138.78 129.114 96.464
threshold=24.250000000000004 8.3500000000000032 70.15000000000002 3.4500000000000006 0.015241850484131365 13.050000000000002 156.35000000000005 6.2500000000000009 0.02706326890361261 118205500.00000001 98.350000000000009 188201500.00000003 1.4500000000000002 115987000.00000001
decision_type=2 2 2 2 2 2 2 2 2 2 2 2 2 2
left_child=1 3 4 12 11 13 10 -5 -6 -7 -4 -2 -1 -3
right_child=2 5 6 7 8 9 -8 -9 -10 -11 -12 -13 -14 -15
leaf_value=0.091178408829173593 0.0081163990277711411 0.045584880667186196 0.004341057664142371 0.076412856659359957 0.0315808037656862 0.030246621541542586 -0.024893820858315631 0.069042506541944187 0.050014287630820164 0.051740742064855773 -0.0095020440925855654 0.021750741990406813 0.083152537465485996 0.062667332233441633
leaf_weight=2163.8008384108543 975.96908183395863 324.3267687857151 1383.3586645573378 17124.777963280678 3255.9539272487164 362.05913533270359 1149.4582820162177 7226.0921175479889 922.86949007213116 7720.1519119739532 1469.5090892389417 2167.670058965683 16500.841584324837 6882.3403387069702
leaf_count=412 3528 453 6204 9660 8704 723 6861 5958 1944 12609 7638 7358 5539 7819
internal_value=0.063211 0.0726147 0.0147946 0.0785084 0.027878 0.0560286 -0.00914304 0.0742286 0.0356627 0.0507817 -0.00279034 0.0175218 0.0840878 0.061905
internal_weight=69629.2 58304.4 11324.8 43015.5 7322.46 15288.9 4002.33 24350.9 4178.82 8082.21 2852.87 3143.64 18664.6 7206.67
internal_count=85410 43173 42237 21569 21534 21604 20703 15618 10648 13332 13842 10886 5951 8272
is_linear=0
shrinkage=0.03


Tree=11
num_leaves=15
num_cat=0
split_feature=0 0 0 0 0 0 0 0 0 0 1 2 0 0
split_gain=29599.2 5368.41 3648.33 949.095 588.032 471.077 344.45 289.958 226.082 216.506 187.118 166.551 159.945 154.206
threshold=24.250000000000004 6.0500000000000007 70.15000000000002 14.850000000000003 2.8500000000000001 104.75000000000001 39.750000000000007 8.3500000000000032 74.350000000000009 15.15 0.0064568674372066535 278817000.00000006 4.5500000000000007 216.15000000000001
decision_type=2 2 2 2 2 2 2 2 2 2 2 2 2 2
left_child=1 4 6 7 -1 8 11 -3 -4 -5 -8 -2 -6 -7
right_child=2 3 5 9 12 13 10 -9 -10 -11 -12 -13 -14 -15
leaf_value=0.079763316205978985 0.027951438550422699 0.064402890438267912 -0.022736118863493561 0.018299459599806646 0.07393456886025021 -0.012824909965879257 0.047407874283386275 0.056691478006141618 0.0087563007091568251 0.047877620051948865 0.018376552517574161 0.040203089057636136 0.068489888594904902 -0.031730535698152908
leaf_weight=14342.281234949827 2351.0232236236334 8349.7424509823322 239.32812909781933 232.77628740668297 13223.515306651592 1853.5919217988849 212.92297101020813 9523.6709378957748 1401.9041519165039 6159.2817235141993 3144.1365635544062 1756.7457261234522 8116.838364303112 491.38171545416117
leaf_count=4025 6133 6581 1144 444 5876 10252 643 11063 6213 10169 10541 4137 5048 3131
internal_value=0.0591954 0.0676374 0.0149981 0.0567448 0.075043 -0.00817324 0.0273711 0.0602973 0.00415296 0.0468035 0.0202314 0.0331995 0.071867 -0.0167984
internal_weight=71399.1 59948.1 11451 24265.5 35682.6 3986.21 7464.83 17873.4 1641.23 6392.06 3357.06 4107.77 21340.4 2344.97
internal_count=85400 43206 42194 28257 14949 20740 21454 17644 7357 10613 11184 10270 10924 13383
is_linear=0
shrinkage=0.03


Tree=12
num_leaves=15
num_cat=0
split_feature=1 0 0 0 0 1 1 2 2 1 1 0 0 0
split_gain=28710.1 4005.18 3732.74 789.874 563.161 539.114 386.128 182.046 159.029 158.058 157.765 132.297 129.427 88.9712
threshold=0.035439374604327382 70.15000000000002 6.2500000000000009 29.850000000000005 11.050000000000002 0.29703746931861064 0.0041871099892501111 131890000.00000001 113624500.00000001 0.061611105747204083 0.011700432656611703 4.2500000000000009 216.15000000000001 74.350000000000009
decision_type=2 2 2 2 2 2 2 2 2 2 2 2 2 2
left_child=1 3 5 7 8 11 12 -1 -4 -6 -5 -2 -3 -8
right_child=2 6 4 10 9 -7 13 -9 -10 -11 -12 -13 -14 -15
leaf_value=0.017506361819321081 0.070125215413607195 -0.013447870475325033 0.042670353861900621 0.012857769859492973 0.051198234329993091 0.075220025053882908 -0.017089358159696092 0.038419580355666283 0.059674996782788224 0.04125111928878699 0.023470268002077757 0.065509850662975877 -0.03166905665447288 0.0027707495319591376
leaf_weight=413.59536164999008 11614.958478093147 1368.1750606894493 527.6537279188633 1920.9486410915852 6732.9429083317518 14575.559983283281 226.40453898906708 4239.2433730661869 12380.411122858524 1866.4260579049587 3693.10357645154 11605.10960689187 472.51064529269934 1891.9935455620289
leaf_count=902 4792 7951 547 6654 9462 4014 1088 8136 10390 2594 10410 6740 3098 8615
internal_value=0.0558151 0.0175393 0.0649964 0.0274234 0.0550118 0.0706766 -0.00809309 0.0365647 0.0589832 0.0490443 0.0198419 0.0678214 -0.01814 0.000641132
internal_weight=73529 14226 59303.1 10266.9 21507.4 37795.6 3959.08 4652.84 12908.1 8599.37 5614.05 23220.1 1840.69 2118.4
internal_count=85393 46854 38539 26102 22993 15546 20752 9038 10937 12056 17064 11532 11049 9703
is_linear=0
shrinkage=0.03


Tree=13
num_leaves=15
num_cat=0
split_feature=1 0 0 0 0 1 0 1 0 2 0 2 1 2
split_gain=23544.6 4761.25 3523.04 891.841 622.169 415.316 259.086 196.4 178.999 154.415 123.264 113.335 92.5172 76.0075
threshold=0.039428737844790646 70.15000000000002 6.7500000000000009 37.45000000000001 4.0500000000000007 0.0034187606628914469 11.850000000000003 0.061611105747204083 1.6500000000000001 188201500.00000003 74.350000000000009 278817000.00000006 0.0020715832308151301 113624500.00000001
decision_type=2 2 2 2 2 2 2 2 2 2 2 2 2 2
left_child=1 3 4 11 8 12 13 -8 -2 -5 -7 -1 -3 -4
right_child=2 5 6 9 -6 10 7 -9 -10 -11 -12 -13 -14 -15
leaf_value=0.032685326373021184 0.075169890016992758 -0.031659037532805197 0.041754436001636669 0.0087897695310941507 0.061890270525543967 -0.02212173924706809 0.048424061700487318 0.034927828574924748 0.068335396415155319 0.022005976509228562 0.00097728437449411966 0.03999388146522212 -0.015435116965819232 0.05392502445500795
leaf_weight=4617.5051049441099 4268.4037199914455 510.60831971466541 501.26911154389381 1118.4148443341255 15900.844822406769 227.04297187924385 5293.8024307489395 1204.5908230245113 21146.991680920124 2772.6779552251101 2355.1388981565833 3324.9222464412451 840.07144895941019 11405.30957442522
leaf_count=9370 835 3377 534 3779 8997 1121 7021 1728 7251 8607 11221 6294 5059 10107
internal_value=0.0530908 0.0204809 0.0616993 0.0299844 0.0665644 -0.00811446 0.0507749 0.0459281 0.0694861 0.0182105 -0.00106152 0.0357495 -0.0215873 0.0534162
internal_weight=75487.6 15766.4 59721.2 11833.5 41316.2 3932.86 18405 6498.39 25415.4 3891.09 2582.18 7942.43 1350.68 11906.6
internal_count=85301 48828 36473 28050 17083 20778 19390 8749 8086 12386 12342 15664 8436 10641
is_linear=0
shrinkage=0.03


Tree=14
num_leaves=15
num_cat=0
split_feature=1 0 0 1 0 0 0 2 2 2 2 2 0 0
split_gain=22098.6 3685.7 3427.08 711.157 649.454 416.805 376.401 249.527 214.777 204.066 133.841 129.099 115.543 79.4107
threshold=0.03675940849689207 56.850000000000001 5.2500000000000009 0.0041871099892501111 8.3500000000000032 29.850000000000005 2.6500000000000008 235517000.00000003 113624500.00000001 130246500.00000001 153970500.00000003 340011500.00000006 216.15000000000001 4.1500000000000012
decision_type=2 2 2 2 2 2 2 2 2 2 2 2 2 2
left_child=1 5 6 12 11 9 -2 -7 -6 -1 -5 -4 -3 -8
right_child=2 3 4 10 8 7 13 -9 -10 -11 -12 -13 -14 -15
leaf_value=0.013790048483651821 0.068301688846122061 -0.013974314931849046 0.056719427924512865 -0.009331243425288396 0.026570417326978138 0.013811011613183082 0.063306761194349151 0.02781063073007525 0.046429989038237161 0.035651853995365627 0.0076200612326943031 0.049971896297612492 -0.031567169957756901 0.059388990668986723
leaf_weight=418.87347738444805 13575.815204441547 1347.0579616427422 9886.1601657867432 492.13723054528236 513.05028641223907 2059.1249420195818 13193.634610593319 2593.054475530982 13656.60357555747 4890.6374976038933 2799.084265306592 3560.3518358170986 448.45208133012056 7807.7479142248631
leaf_count=881 3391 7992 6489 2119 758 6095 5037 6906 15689 8766 11577 2620 3100 3993
internal_value=0.0501978 0.0175748 0.0580909 -0.00320199 0.0502058 0.0281832 0.0643869 0.0216185 0.0457128 0.0339301 0.00508326 0.0549367 -0.0183835 0.0618531
internal_weight=77241.8 15048.4 62193.4 5086.73 27616.2 9961.69 34577.2 4652.18 14169.7 5309.51 3291.22 13446.5 1795.51 21001.4
internal_count=85413 47436 37977 24788 25556 22648 12421 13001 16447 9647 13696 9109 11092 9030
is_linear=0
shrinkage=0.03


Tree=15
num_leaves=15
num_cat=0
split_feature=0 0 0 0 0 1 0 2 1 1 0 0 1 2
split_gain=19734.5 3568.43 3470.27 635.227 587.809 423.436 305.273 257.028 244.879 181.155 130.783 115.637 112.418 102.011
threshold=19.850000000000005 6.7500000000000009 70.15000000000002 29.850000000000005 3.3500000000000001 0.0041871099892501111 11.850000000000003 513099500.00000006 0.011700432656611703 0.062808692910025651 98.350000000000009 1.6500000000000001 0.0048225934215694235 113624500.00000001
decision_type=2 2 2 2 2 2 2 2 2 2 2 2 2 2
left_child=1 4 3 7 11 10 13 -2 -5 -8 -4 -1 -7 -3
right_child=2 6 5 8 -6 12 9 -9 -10 -11 -12 -13 -14 -15
leaf_value=0.0681568849335598 0.030221079732900058 0.034711368892520411 0.01509709499778154 0.01013144037597689 0.056784618498252622 0.014752846977923178 0.04229695930783528 0.048554745768584776 0.023054083063063176 0.029200353455369431 -0.020661706181348081 0.06257483558301144 -0.0022889707971006446 0.048533239042175477
leaf_weight=4453.7942010462284 3980.4124785959721 512.40619751811028 96.765553966164589 1982.4130539596081 23199.478131741285 437.87986509501934 7387.5319628119469 835.89805896580219 3962.0151711404324 1102.5742366313934 1657.5423560142517 15710.483354657888 1688.4930934011936 12163.911955237389
leaf_count=850 7410 537 467 6648 11554 1953 9544 1300 10442 1525 10590 4759 7740 10185
internal_value=0.0479887 0.0551231 0.0165431 0.0253134 0.0600533 -0.00777622 0.0450202 0.0334124 0.0187469 0.0405998 -0.0186818 0.0638111 0.0012257 0.0479773
internal_weight=79171.6 64530.2 14641.4 10760.7 43363.8 3880.68 21166.4 4816.31 5944.43 8490.11 1754.31 20164.3 2126.37 12676.3
internal_count=85504 38954 46550 25800 17163 20750 21791 8710 17090 11069 11057 5609 9693 10722
is_linear=0
shrinkage=0.03


Tree=16
num_leaves=15
num_cat=0
split_feature=0 1 0 0 0 0 2 0 1 2 1 1 2 0
split_gain=18681.5 4296.35 2269.95 711.643 527.406 510.729 250.271 167.024 161.831 138.289 137.316 119.403 100.121 87.8029
threshold=14.850000000000003 0.011238655914622919 6.0500000000000007 98.350000000000009 27.850000000000005 2.6500000000000008 172442000.00000003 216.15000000000001 0.081257457661347815 696470000.00000012 0.062808692910025651 0.048053813288399201 107665000.00000001 4.5500000000000007
decision_type=2 2 2 2 2 2 2 2 2 2 2 2 2 2
left_child=2 3 5 9 11 -1 -6 -5 10 -2 -4 -3 -10 -7
right_child=1 4 8 7 6 13 -8 -9 12 -11 -12 -13 -14 -15
leaf_value=0.06226734232735788 0.0085983631553631628 0.034477000909674066 0.045877043610607918 -0.010951030410722314 0.007351144769414333 0.056477189698581003 0.024228086564094524 -0.031485850388729475 0.031393210786045081 -0.01648467045749847 0.038169801544300212 0.024030796920391857 0.048074511121822809 0.052797108196702802
leaf_weight=14023.79356700182 2964.6099957972765 7613.8790551871061 4371.7649427354336 2017.5946323499084 990.37965831160545 16797.039432764053 3945.0509947091341 432.68500199913979 340.59229850769043 211.04585400223732 4078.0828391313553 1143.3337712585926 11782.821537792683 9477.8079616129398
leaf_count=3405 11256 11866 4561 11360 2847 6538 9873 3130 320 874 4156 1683 8589 5049
internal_value=0.0453309 0.0196264 0.0534881 -0.0024448 0.0286944 0.0576295 0.0208436 -0.0145886 0.0453738 0.00692675 0.0421623 0.0331161 0.0476085 0.0551518
internal_weight=80190.5 19318.6 60871.9 5625.94 13692.6 40298.6 4935.43 2450.28 20573.3 3175.66 8449.85 8757.21 12123.4 26274.8
internal_count=85507 52889 32618 26620 26269 14992 12720 14490 17626 12130 8717 13549 8909 11587
is_linear=0
shrinkage=0.03


end of trees

feature_importances:
odds_5m=150
inc_share_10m_5m=55
pool_5m=33

parameters:
[boosting: gbdt]
[objective: binary]
[metric: auc]
[tree_learner: serial]
[device_type: cpu]
[data_sample_strategy: bagging]
[data: ]
[valid: ]
[num_iterations: 1000]
[learning_rate: 0.03]
[num_leaves: 15]
[num_threads: 0]
[seed: 42]
[deterministic: 0]
[force_col_wise: 0]
[force_row_wise: 0]
[histogram_pool_size: -1]
[max_depth: 4]
[min_data_in_leaf: 200]
[min_sum_hessian_in_leaf: 0.001]
[bagging_fraction: 0.9]
[pos_bagging_fraction: 1]
[neg_bagging_fraction: 1]
[bagging_freq: 1]
[bagging_seed: 400]
[bagging_by_query: 0]
[feature_fraction: 1]
[feature_fraction_bynode: 1]
[feature_fraction_seed: 30056]
[extra_trees: 0]
[extra_seed: 12879]
[early_stopping_round: 0]
[early_stopping_min_delta: 0]
[first_metric_only: 0]
[max_delta_step: 0]
[lambda_l1: 0]
[lambda_l2: 1]
[linear_lambda: 0]
[min_gain_to_split: 0]
[drop_rate: 0.1]
[max_drop: 50]
[skip_drop: 0.5]
[xgboost_dart_mode: 0]
[uniform_drop: 0]
[drop_seed: 17869]
[top_rate: 0.2]
[other_rate: 0.1]
[min_data_per_group: 100]
[max_cat_threshold: 32]
[cat_l2: 10]
[cat_smooth: 10]
[max_cat_to_onehot: 4]
[top_k: 20]
[monotone_constraints: ]
[monotone_constraints_method: basic]
[monotone_penalty: 0]
[feature_contri: ]
[forcedsplits_filename: ]
[refit_decay_rate: 0.9]
[cegb_tradeoff: 1]
[cegb_penalty_split: 0]
[cegb_penalty_feature_lazy: ]
[cegb_penalty_feature_coupled: ]
[path_smooth: 0]
[interaction_constraints: ]
[verbosity: -1]
[saved_feature_importance_type: 0]
[use_quantized_grad: 0]
[num_grad_quant_bins: 4]
[quant_train_renew_leaf: 0]
[stochastic_rounding: 1]
[linear_tree: 0]
[max_bin: 255]
[max_bin_by_feature: ]
[min_data_in_bin: 3]
[bin_construct_sample_cnt: 200000]
[data_random_seed: 175]
[is_enable_sparse: 1]
[enable_bundle: 1]
[use_missing: 1]
[zero_as_missing: 0]
[feature_pre_filter: 1]
[pre_partition: 0]
[two_round: 0]
[header: 0]
[label_column: ]
[weight_column: ]
[group_column: ]
[ignore_column: ]
[categorical_feature: ]
[forcedbins_filename: ]
[precise_float_parser: 0]
[parser_config_file: ]
[objective_seed: 16083]
[num_class: 1]
[is_unbalance: 0]
[scale_pos_weight: 12.75]
[sigmoid: 1]
[boost_from_average: 1]
[reg_sqrt: 0]
[alpha: 0.9]
[fair_c: 1]
[poisson_max_delta_step: 0.7]
[tweedie_variance_power: 1.5]
[lambdarank_truncation_level: 30]
[lambdarank_norm: 1]
[label_gain: ]
[lambdarank_position_bias_regularization: 0]
[eval_at: ]
[multi_error_top_k: 1]
[auc_mu_weights: ]
[num_machines: 1]
[local_listen_port: 12400]
[time_out: 120]
[machine_list_filename: ]
[machines: ]
[gpu_platform_id: -1]
[gpu_device_id: -1]
[gpu_device_id_list: ]
[gpu_use_dp: 0]
[num_gpu: 1]

end of parameters

pandas_categorical:[]
